       N       E                     dE             d eps       ncg     rms          rms(c)
DAV:   1    -0.861910341831E+03   -0.86191E+03   -0.11155E-03  2880   0.142E-01    0.122E-01
RMM:   2    -0.861910215785E+03    0.12605E-03   -0.16315E-03  2115   0.510E-02    0.761E-02
RMM:   3    -0.861910157132E+03    0.58653E-04   -0.13506E-04  1484   0.301E-02
   1 F= -.88272060E+03 E0= -.88272060E+03  d E =-.882721E+03  mag=     0.0000
